Datum,Besmettingen,Totaal aantal besmettingen,7-daags gemiddelde,baseline
2020-11-01,2661,454124,14207.0,0
2020-11-02,13842,467966,13349.0,0
2020-11-03,12082,480048,11905.0,0
2020-11-04,9213,489261,10653.0,0
2020-11-05,7644,496905,9591.0,0
2020-11-06,6638,503543,8341.0,0
2020-11-07,3043,506586,7875.0,0
2020-11-08,1449,508035,7702.0,0
2020-11-09,8613,516648,6955.0,0
2020-11-10,7662,524310,6323.0,0
2020-11-11,2001,526311,5293.0,0
2020-11-12,6467,532778,5125.0,0
2020-11-13,5696,538474,4990.0,0
2020-11-14,2360,540834,4893.0,0
2020-11-15,1053,541887,4836.0,0
2020-11-16,5830,547717,4438.0,0
2020-11-17,4823,552540,4033.0,0
2020-11-18,3681,556221,4273.0,0
2020-11-19,3007,559228,3779.0,0
2020-11-20,3075,562303,3404.0,0
2020-11-21,1258,563561,3247.0,0
2020-11-22,585,564146,3180.0,0
2020-11-23,3944,568090,2910.0,0
2020-11-24,2865,570955,2631.0,0
2020-11-25,2669,573624,2486.0,0
2020-11-26,2412,576036,2401.0,0
2020-11-27,2724,578760,2351.0,0
2020-11-28,1001,579761,2314.0,0
2020-11-29,556,580317,2310.0,0
2020-11-30,3286,583603,2216.0,0
2020-12-01,2682,586285,2190.0,0
2020-12-02,2598,588883,2180.0,0
2020-12-03,2361,591244,2173.0,0
2020-12-04,2549,593793,2148.0,0
2020-12-05,1094,594887,2161.0,0
2020-12-06,595,595482,2166.0,0
2020-12-07,3347,598829,2175.0,0
2020-12-08,2710,601539,2179.0,0
2020-12-09,2749,604288,2201.0,0
2020-12-10,2668,606956,2245.0,0
2020-12-11,2885,609841,2293.0,0
2020-12-12,1581,611422,2362.0,0
2020-12-13,735,612157,2382.0,0
2020-12-14,3805,615962,2448.0,0
2020-12-15,3200,619162,2518.0,0
2020-12-16,2753,621915,2518.0,0
2020-12-17,2733,624648,2527.0,0
2020-12-18,2729,627377,2505.0,0
2020-12-19,1429,628806,2483.0,0
2020-12-20,635,629441,2469.0,0
2020-12-21,3308,632749,2398.0,0
2020-12-22,2589,635338,2311.0,0
2020-12-23,2354,637692,2254.0,0
2020-12-24,1719,639411,2109.0,0
2020-12-25,492,639903,1789.0,0
2020-12-26,1097,641000,1742.0,0
2020-12-27,530,641530,1727.0,0
2020-12-28,2639,644169,1631.0,0
2020-12-29,2268,646437,1586.0,0
2020-12-30,1980,648417,1532.0,0
2020-12-31,1624,650041,1519.0,0
2021-01-01,469,650510,1515.0,0
2021-01-02,1053,651563,1509.0,0
2021-01-03,730,652293,1538.0,0
2021-01-04,2911,655204,1576.0,0
2021-01-05,2625,657829,1627.0,0
2021-01-06,2302,660131,1673.0,0
2021-01-07,1810,661941,1700.0,0
2021-01-08,1934,663875,1909.0,0
2021-01-09,1302,665177,1945.0,0
2021-01-10,808,665985,1956.0,0
2021-01-11,2849,668834,1947.0,0
2021-01-12,2269,671103,1896.0,0
2021-01-13,2044,673147,1859.0,0
2021-01-14,2023,675170,1890.0,0
2021-01-15,2070,677240,1909.0,0
2021-01-16,1141,678381,1886.0,0
2021-01-17,697,679078,1870.0,0
2021-01-18,2936,682014,1883.0,0
2021-01-19,2344,684358,1894.0,0
2021-01-20,2415,686773,1947.0,0
2021-01-21,2270,689043,1982.0,0
2021-01-22,2524,691567,2047.0,0
2021-01-23,1357,692924,2078.0,0
2021-01-24,795,693719,2092.0,0
2021-01-25,3286,697005,2142.0,0
2021-01-26,2700,699705,2192.0,0
2021-01-27,2512,702217,2206.0,0
2021-01-28,2546,704763,2246.0,0
2021-01-29,2939,707702,2305.0,0
2021-01-30,1549,709251,2332.0,0
2021-01-31,843,710094,2339.0,0
2021-02-01,3299,713393,2341.0,0
2021-02-02,2615,716008,2329.0,0
2021-02-03,2356,718364,2307.0,0
2021-02-04,2361,720725,2280.0,0
2021-02-05,2411,723136,2205.0,0
2021-02-06,1256,724392,2163.0,0
2021-02-07,594,724986,2127.0,0
2021-02-08,2541,727527,2019.0,0
2021-02-09,2108,729635,1947.0,0
2021-02-10,2111,731746,1912.0,0
2021-02-11,2052,733798,1868.0,0
2021-02-12,1999,735797,1809.0,0
2021-02-13,1123,736920,1790.0,0
2021-02-14,593,737513,1790.0,0
2021-02-15,2727,740240,1816.0,0
2021-02-16,2382,742622,1855.0,0
2021-02-17,2525,745147,1914.0,0
2021-02-18,2556,747703,1986.0,0
2021-02-19,2811,750514,2102.0,0
2021-02-20,1555,752069,2164.0,0
2021-02-21,805,752874,2194.0,0
2021-02-22,3338,756212,2282.0,0
2021-02-23,2918,759130,2358.0,0
2021-02-24,2750,761880,2390.0,0
2021-02-25,2644,764524,2403.0,0
2021-02-26,2800,767324,2401.0,0
2021-02-27,1487,768811,2392.0,0
2021-02-28,711,769522,2378.0,0
2021-03-01,3211,772733,2360.0,0
2021-03-02,2757,775490,2337.0,0
2021-03-03,2752,778242,2337.0,0
2021-03-04,2682,780924,2343.0,0
2021-03-05,2731,783655,2333.0,0
2021-03-06,1510,785165,2336.0,0
2021-03-07,786,785951,2347.0,0
2021-03-08,3685,789636,2415.0,0
2021-03-09,3381,793017,2504.0,0
2021-03-10,3387,796404,2595.0,0
2021-03-11,3493,799897,2710.0,0
2021-03-12,3752,803649,2856.0,0
2021-03-13,2174,805823,2951.0,0
2021-03-14,1383,807206,3036.0,0
2021-03-15,5256,812462,3261.0,0
2021-03-16,4599,817061,3435.0,0
2021-03-17,4835,821896,3642.0,0
2021-03-18,5036,826932,3862.0,0
2021-03-19,5182,832114,4066.0,0
2021-03-20,2845,834959,4162.0,0
2021-03-21,1576,836535,4190.0,0
2021-03-22,6285,842820,4337.0,0
2021-03-23,6037,848857,4542.0,0
2021-03-24,5566,854423,4647.0,0
2021-03-25,5623,860046,4731.0,0
2021-03-26,5740,865786,4810.0,0
2021-03-27,3056,868842,4840.0,0
2021-03-28,1691,870533,4857.0,0
2021-03-29,6154,876687,4838.0,0
2021-03-30,5197,881884,4718.0,0
2021-03-31,4724,886608,4598.0,0
2021-04-01,4690,891298,4465.0,0
2021-04-02,4894,896192,4344.0,0
2021-04-03,2701,898893,4293.0,0
2021-04-04,1513,900406,4268.0,0
2021-04-05,1562,901968,3612.0,0
2021-04-06,5260,907228,3621.0,0
2021-04-07,4741,911969,3623.0,0
2021-04-08,4466,916435,3591.0,0
2021-04-09,4497,920932,3534.0,0
2021-04-10,2362,923294,3486.0,0
2021-04-11,1305,924599,3456.0,0
2021-04-12,4729,929328,3909.0,0
2021-04-13,4281,933609,3769.0,0
2021-04-14,3899,937508,3648.0,0
2021-04-15,3807,941315,3554.0,0
2021-04-16,4021,945336,3486.0,0
2021-04-17,2322,947658,3481.0,0
2021-04-18,1312,948970,3482.0,0
2021-04-19,5433,954403,3582.0,0
2021-04-20,4457,958860,3607.0,0
2021-04-21,4068,962928,3631.0,0
2021-04-22,3801,966729,3631.0,0
2021-04-23,3636,970365,3576.0,0
2021-04-24,1889,972254,3514.0,0
2021-04-25,1138,973392,3489.0,0
2021-04-26,4270,977662,3323.0,0
2021-04-27,3760,981422,3223.0,0
2021-04-28,3448,984870,3135.0,0
2021-04-29,3347,988217,3070.0,0
2021-04-30,3487,991704,3048.0,0
2021-05-01,1335,993039,2969.0,0
2021-05-02,1136,994175,2969.0,0
2021-05-03,4331,998506,2978.0,0
2021-05-04,3651,1002157,2962.0,0
2021-05-05,3615,1005772,2986.0,0
2021-05-06,3515,1009287,3010.0,0
2021-05-07,3294,1012581,2982.0,0
2021-05-08,1714,1014295,3037.0,0
2021-05-09,855,1015150,2996.0,0
2021-05-10,3362,1018512,2858.0,0
2021-05-11,2990,1021502,2764.0,0
2021-05-12,2808,1024310,2648.0,0
2021-05-13,943,1025253,2281.0,0
2021-05-14,2557,1027810,2176.0,0
2021-05-15,1254,1029064,2110.0,0
2021-05-16,735,1029799,2093.0,0
2021-05-17,3576,1033375,2123.0,0
2021-05-18,3264,1036639,2162.0,0
2021-05-19,3118,1039757,2207.0,0
2021-05-20,2409,1042166,2416.0,0
2021-05-21,2425,1044591,2397.0,0
2021-05-22,1434,1046025,2423.0,0
2021-05-23,773,1046798,2428.0,0
2021-05-24,899,1047697,2046.0,0
2021-05-25,2789,1050486,1978.0,0
2021-05-26,2534,1053020,1895.0,0
2021-05-27,2215,1055235,1867.0,0
2021-05-28,2023,1057258,1810.0,0
2021-05-29,1116,1058374,1764.0,0
2021-05-30,603,1058977,1740.0,0
2021-05-31,2026,1061003,1901.0,0
2021-06-01,1682,1062685,1743.0,0
2021-06-02,1498,1064183,1595.0,0
2021-06-03,1466,1065649,1488.0,0
2021-06-04,1348,1066997,1391.0,0
2021-06-05,647,1067644,1324.0,0
2021-06-06,399,1068043,1295.0,0
2021-06-07,1237,1069280,1182.0,0
2021-06-08,1041,1070321,1091.0,0
2021-06-09,841,1071162,997.0,0
2021-06-10,764,1071926,897.0,0
2021-06-11,779,1072705,815.0,0
2021-06-12,390,1073095,779.0,0
2021-06-13,209,1073304,752.0,0
2021-06-14,765,1074069,684.0,0
2021-06-15,535,1074604,612.0,0
2021-06-16,419,1075023,552.0,0
2021-06-17,450,1075473,507.0,0
2021-06-18,424,1075897,456.0,0
2021-06-19,274,1076171,439.0,0
2021-06-20,139,1076310,429.0,0
2021-06-21,482,1076792,389.0,0
2021-06-22,365,1077157,365.0,0
2021-06-23,396,1077553,361.0,0
2021-06-24,339,1077892,346.0,0
2021-06-25,398,1078290,342.0,0
2021-06-26,259,1078549,340.0,0
2021-06-27,177,1078726,345.0,0
2021-06-28,598,1079324,362.0,0
2021-06-29,557,1079881,389.0,0
2021-06-30,628,1080509,422.0,0
2021-07-01,676,1081185,470.0,0
2021-07-02,724,1081909,517.0,0
2021-07-03,521,1082430,554.0,0
2021-07-04,366,1082796,581.0,0
2021-07-05,998,1083794,639.0,0
2021-07-06,1042,1084836,708.0,0
2021-07-07,1173,1086009,786.0,0
2021-07-08,1227,1087236,864.0,0
2021-07-09,1289,1088525,945.0,0
2021-07-10,1004,1089529,1014.0,0
2021-07-11,781,1090310,1073.0,0
2021-07-12,1764,1092074,1183.0,0
2021-07-13,1429,1093503,1238.0,0
2021-07-14,1446,1094949,1277.0,0
2021-07-15,1390,1096339,1300.0,0
2021-07-16,1570,1097909,1341.0,0
2021-07-17,1104,1099013,1355.0,0
2021-07-18,838,1099851,1363.0,0
2021-07-19,2134,1101985,1416.0,0
2021-07-20,1954,1103939,1491.0,0
2021-07-21,790,1104729,1397.0,0
2021-07-22,1914,1106643,1472.0,0
2021-07-23,1656,1108299,1484.0,0
2021-07-24,1158,1109457,1492.0,0
2021-07-25,784,1110241,1484.0,0
2021-07-26,2112,1112353,1481.0,0
2021-07-27,1600,1113953,1431.0,0
2021-07-28,1752,1115705,1568.0,0
2021-07-29,1782,1117487,1549.0,0
2021-07-30,1797,1119284,1569.0,0
2021-07-31,1186,1120470,1573.0,0
2021-08-01,1056,1121526,1612.0,0
2021-08-02,2251,1123777,1632.0,0
2021-08-03,1950,1125727,1682.0,0
2021-08-04,1875,1127602,1700.0,0
2021-08-05,1836,1129438,1707.0,0
2021-08-06,2133,1131571,1755.0,0
2021-08-07,1275,1132846,1768.0,0
2021-08-08,922,1133768,1749.0,0
2021-08-09,2597,1136365,1798.0,0
2021-08-10,2218,1138583,1837.0,0
2021-08-11,1992,1140575,1853.0,0
2021-08-12,2158,1142733,1899.0,0
2021-08-13,2273,1145006,1919.0,0
2021-08-14,1352,1146358,1930.0,0
2021-08-15,766,1147124,1908.0,0
2021-08-16,2829,1149953,1941.0,0
2021-08-17,2247,1152200,1945.0,0
2021-08-18,2265,1154465,1984.0,0
2021-08-19,2007,1156472,1963.0,0
2021-08-20,2245,1158717,1959.0,0
2021-08-21,1285,1160002,1949.0,0
2021-08-22,956,1160958,1976.0,0
2021-08-23,2654,1163612,1951.0,0
2021-08-24,2460,1166072,1982.0,0
2021-08-25,2395,1168467,2000.0,0
2021-08-26,2186,1170653,2026.0,0
2021-08-27,2217,1172870,2022.0,0
2021-08-28,1372,1174242,2034.0,0
2021-08-29,833,1175075,2017.0,0
2021-08-30,2943,1178018,2058.0,0
2021-08-31,2358,1180376,2043.0,0
2021-09-01,2222,1182598,2019.0,0
2021-09-02,2113,1184711,2008.0,0
2021-09-03,2155,1186866,1999.0,0
2021-09-04,1240,1188106,1981.0,0
2021-09-05,733,1188839,1966.0,0
2021-09-06,2800,1191639,1946.0,0
2021-09-07,2361,1194000,1946.0,0
2021-09-08,2190,1196190,1942.0,0
2021-09-09,2105,1198295,1941.0,0
2021-09-10,2323,1200618,1965.0,0
2021-09-11,1306,1201924,1974.0,0
2021-09-12,679,1202603,1966.0,0
2021-09-13,2930,1205533,1985.0,0
2021-09-14,2496,1208029,2004.0,0
2021-09-15,2322,1210351,2023.0,0
2021-09-16,2426,1212777,2069.0,0
2021-09-17,2390,1215167,2078.0,0
2021-09-18,1260,1216427,2072.0,0
2021-09-19,652,1217079,2068.0,0
2021-09-20,2940,1220019,2069.0,0
2021-09-21,2269,1222288,2037.0,0
2021-09-22,2171,1224459,2015.0,0
2021-09-23,2080,1226539,1966.0,0
2021-09-24,2253,1228792,1946.0,0
2021-09-25,1216,1230008,1940.0,0
2021-09-26,723,1230731,1950.0,0
2021-09-27,2628,1233359,1906.0,0
2021-09-28,2391,1235750,1923.0,0
2021-09-29,2167,1237917,1923.0,0
2021-09-30,2163,1240080,1934.0,0
2021-10-01,2149,1242229,1920.0,0
2021-10-02,1147,1243376,1910.0,0
2021-10-03,678,1244054,1903.0,0
2021-10-04,2791,1246845,1927.0,0
2021-10-05,2290,1249135,1912.0,0
2021-10-06,2545,1251680,1966.0,0
2021-10-07,2516,1254196,2017.0,0
2021-10-08,2544,1256740,2073.0,0
2021-10-09,1424,1258164,2113.0,0
2021-10-10,820,1258984,2133.0,0
2021-10-11,3924,1262908,2295.0,0
2021-10-12,3435,1266343,2458.0,0
2021-10-13,3597,1269940,2609.0,0
2021-10-14,3890,1273830,2805.0,0
2021-10-15,4168,1277998,3037.0,0
2021-10-16,2376,1280374,3173.0,0
2021-10-17,1490,1281864,3269.0,0
2021-10-18,6570,1288434,3647.0,0
2021-10-19,6296,1294730,4055.0,0
2021-10-20,6552,1301282,4477.0,0
2021-10-21,6905,1308187,4908.0,0
2021-10-22,7148,1315335,5334.0,0
2021-10-23,4090,1319425,5579.0,0
2021-10-24,2450,1321875,5716.0,0
2021-10-25,9703,1331578,6163.0,0
2021-10-26,9401,1340979,6607.0,0
2021-10-27,9224,1350203,6989.0,0
2021-10-28,9196,1359399,7316.0,0
2021-10-29,9289,1368688,7622.0,0
2021-10-30,4971,1373659,7748.0,0
2021-10-31,3058,1376717,7835.0,0
2021-11-01,3582,1380299,6960.0,0
2021-11-02,11714,1392013,7291.0,0
2021-11-03,10706,1402719,7502.0,0
2021-11-04,10181,1412900,7643.0,0
2021-11-05,11139,1424039,7907.0,0
2021-11-06,6453,1430492,8119.0,0
2021-11-07,4073,1434565,8264.0,0
2021-11-08,15267,1449832,9933.0,0
2021-11-09,13017,1462849,10119.0,0
2021-11-10,12750,1475599,10411.0,0
2021-11-11,5055,1480654,9679.0,0
2021-11-12,13752,1494406,10052.0,0
2021-11-13,8362,1502768,10325.0,0
2021-11-14,5506,1508274,10530.0,0
2021-11-15,20837,1529111,11326.0,0
2021-11-16,18431,1547542,12099.0,0
2021-11-17,18148,1565690,12870.0,0
2021-11-18,18572,1584262,14801.0,0
2021-11-19,19151,1603413,15572.0,0
2021-11-20,11215,1614628,15980.0,0
2021-11-21,6754,1621382,16158.0,0
2021-11-22,25624,1647006,16842.0,0
2021-11-23,21139,1668145,17229.0,0
2021-11-24,20174,1688319,17518.0,0
2021-11-25,20231,1708550,17755.0,0
2021-11-26,20044,1728594,17883.0,0
2021-11-27,11590,1740184,17937.0,0
2021-11-28,7072,1747256,17982.0,0
2021-11-29,25207,1772463,17922.0,0
2021-11-30,20870,1793333,17884.0,0
2021-12-01,19669,1813002,17812.0,0
2021-12-02,18329,1831331,17540.0,0
2021-12-03,17769,1849100,17215.0,0
2021-12-04,9636,1858736,16936.0,0
2021-12-05,5977,1864713,16780.0,0
2021-12-06,20737,1885450,16141.0,0
2021-12-07,15682,1901132,15400.0,0
2021-12-08,15080,1916212,14744.0,0
2021-12-09,13437,1929649,14045.0,0
2021-12-10,13103,1942752,13379.0,0
2021-12-11,7112,1949864,13018.0,0
2021-12-12,3908,1953772,12723.0,0
2021-12-13,13885,1967657,11744.0,0
2021-12-14,10582,1978239,11015.0,0
2021-12-15,9283,1987522,10187.0,0
2021-12-16,8110,1995632,9426.0,0
2021-12-17,7745,2003377,8661.0,0
2021-12-18,4753,2008130,8324.0,0
2021-12-19,2850,2010980,8173.0,0
2021-12-20,9112,2020092,7491.0,0
2021-12-21,7372,2027464,7032.0,0
2021-12-22,7389,2034853,6762.0,0
2021-12-23,7524,2042377,6678.0,0
2021-12-24,6519,2048896,6503.0,0
2021-12-25,2818,2051714,6226.0,0
2021-12-26,4566,2056280,6471.0,0
2021-12-27,13297,2069577,7069.0,0
2021-12-28,12818,2082395,7847.0,0
2021-12-29,15046,2097441,8941.0,0
2021-12-30,16059,2113500,10160.0,0
2021-12-31,12291,2125791,10985.0,0
2022-01-01,4070,2129861,11164.0,0
2022-01-02,9086,2138947,11810.0,0
2022-01-03,27580,2166527,13850.0,0
2022-01-04,28122,2194649,16036.0,0
2022-01-05,26044,2220693,17607.0,0
2022-01-06,23635,2244328,18690.0,0
2022-01-07,23800,2268128,20334.0,0
2022-01-08,15345,2283473,21945.0,0
2022-01-09,11225,2294698,22250.0,0
2022-01-10,37756,2332454,23704.0,0
2022-01-11,31696,2364150,24214.0,0
2022-01-12,31148,2395298,24944.0,0
2022-01-13,30107,2425405,25868.0,0
2022-01-14,31841,2457246,27017.0,0
2022-01-15,21175,2478421,27850.0,0
2022-01-16,14991,2493412,28388.0,0
2022-01-17,62706,2556118,31952.0,0
2022-01-18,60712,2616830,36097.0,0
2022-01-19,60893,2677723,40346.0,0
2022-01-20,57268,2734991,44227.0,0
2022-01-21,56442,2791433,47741.0,0
2022-01-22,32788,2824221,49400.0,0
2022-01-23,20746,2844967,50222.0,0
2022-01-24,75956,2920923,52115.0,0
2022-01-25,62496,2983419,52370.0,0
2022-01-26,54751,3038170,51492.0,0
2022-01-27,47506,3085676,50098.0,0
2022-01-28,41418,3127094,47952.0,0
2022-01-29,23221,3150315,46585.0,0
2022-01-30,13205,3163520,45508.0,0
2022-01-31,50020,3213540,41802.0,0
2022-02-01,36728,3250268,38121.0,0
2022-02-02,30844,3281112,34706.0,0
2022-02-03,25862,3306974,31614.0,0
2022-02-04,22383,3329357,28895.0,0
2022-02-05,12472,3341829,27359.0,0
2022-02-06,7285,3349114,26513.0,0
2022-02-07,27414,3376528,23284.0,0
2022-02-08,19394,3395922,20808.0,0
2022-02-09,16770,3412692,18797.0,0
2022-02-10,14195,3426887,17130.0,0
2022-02-11,12173,3439060,15672.0,0
2022-02-12,6740,3445800,14853.0,0
2022-02-13,4844,3450644,14504.0,0
2022-02-14,16479,3467123,12942.0,0
2022-02-15,11525,3478648,11818.0,0
2022-02-16,10605,3489253,10937.0,0
2022-02-17,9274,3498527,10234.0,0
2022-02-18,7711,3506238,9597.0,0
2022-02-19,4495,3510733,9276.0,0
2022-02-20,2926,3513659,9002.0,0
2022-02-21,10930,3524589,8209.0,0
2022-02-22,7971,3532560,7702.0,0
2022-02-23,7473,3540033,7254.0,0
