Datum,Besmettingen,Totaal aantal besmettingen,Voortschrijdend gemiddelde
2020-03-01,19,19,
2020-03-02,19,38,
2020-03-03,34,72,
2020-03-04,53,125,
2020-03-05,81,206,
2020-03-06,110,316,
2020-03-07,27,343,49.0
2020-03-08,64,407,55.0
2020-03-09,94,501,66.0
2020-03-10,99,600,75.0
2020-03-11,174,774,93.0
2020-03-12,250,1024,117.0
2020-03-13,338,1362,149.0
2020-03-14,179,1541,171.0
2020-03-15,214,1755,193.0
2020-03-16,387,2142,234.0
2020-03-17,422,2564,281.0
2020-03-18,534,3098,332.0
2020-03-19,713,3811,398.0
2020-03-20,662,4473,444.0
2020-03-21,469,4942,486.0
2020-03-22,486,5428,525.0
2020-03-23,1328,6756,659.0
2020-03-24,1195,7951,770.0
2020-03-25,1199,9150,865.0
2020-03-26,1363,10513,957.0
2020-03-27,1518,12031,1080.0
2020-03-28,844,12875,1133.0
2020-03-29,683,13558,1161.0
2020-03-30,1738,15296,1220.0
2020-03-31,1681,16977,1289.0
2020-04-01,1516,18493,1335.0
2020-04-02,1478,19971,1351.0
2020-04-03,1694,21665,1376.0
2020-04-04,922,22587,1387.0
2020-04-05,665,23252,1385.0
2020-04-06,1934,25186,1413.0
2020-04-07,1515,26701,1389.0
2020-04-08,1598,28299,1401.0
2020-04-09,2239,30538,1510.0
2020-04-10,2336,32874,1601.0
2020-04-11,1029,33903,1617.0
2020-04-12,524,34427,1596.0
2020-04-13,537,34964,1397.0
2020-04-14,1560,36524,1403.0
2020-04-15,1633,38157,1408.0
2020-04-16,1674,39831,1328.0
2020-04-17,1394,41225,1193.0
2020-04-18,722,41947,1149.0
2020-04-19,443,42390,1138.0
2020-04-20,1276,43666,1243.0
2020-04-21,1270,44936,1202.0
2020-04-22,777,45713,1079.0
2020-04-23,976,46689,980.0
2020-04-24,811,47500,896.0
2020-04-25,388,47888,849.0
2020-04-26,205,48093,815.0
2020-04-27,755,48848,740.0
2020-04-28,569,49417,640.0
2020-04-29,522,49939,604.0
2020-04-30,586,50525,548.0
2020-05-01,237,50762,466.0
2020-05-02,286,51048,451.0
2020-05-03,140,51188,442.0
2020-05-04,670,51858,430.0
2020-05-05,546,52404,427.0
2020-05-06,552,52956,431.0
2020-05-07,442,53398,410.0
2020-05-08,483,53881,446.0
2020-05-09,240,54121,439.0
2020-05-10,118,54239,436.0
2020-05-11,476,54715,408.0
2020-05-12,395,55110,387.0
2020-05-13,321,55431,354.0
2020-05-14,305,55736,334.0
2020-05-15,346,56082,314.0
2020-05-16,147,56229,301.0
2020-05-17,81,56310,296.0
2020-05-18,317,56627,273.0
2020-05-19,292,56919,258.0
2020-05-20,385,57304,268.0
2020-05-21,70,57374,234.0
2020-05-22,248,57622,220.0
2020-05-23,123,57745,217.0
2020-05-24,75,57820,216.0
2020-05-25,314,58134,215.0
2020-05-26,202,58336,202.0
2020-05-27,182,58518,173.0
2020-05-28,171,58689,188.0
2020-05-29,165,58854,176.0
2020-05-30,61,58915,167.0
2020-05-31,49,58964,163.0
2020-06-01,59,59023,127.0
2020-06-02,181,59204,124.0
2020-06-03,159,59363,121.0
2020-06-04,172,59535,121.0
2020-06-05,154,59689,119.0
2020-06-06,69,59758,120.0
2020-06-07,53,59811,121.0
2020-06-08,152,59963,134.0
2020-06-09,145,60108,129.0
2020-06-10,119,60227,123.0
2020-06-11,95,60322,112.0
2020-06-12,89,60411,103.0
2020-06-13,49,60460,100.0
2020-06-14,22,60482,96.0
2020-06-15,147,60629,95.0
2020-06-16,99,60728,89.0
2020-06-17,123,60851,89.0
2020-06-18,108,60959,91.0
2020-06-19,121,61080,96.0
2020-06-20,50,61130,96.0
2020-06-21,20,61150,95.0
2020-06-22,143,61293,95.0
2020-06-23,110,61403,96.0
2020-06-24,100,61503,93.0
2020-06-25,76,61579,89.0
2020-06-26,113,61692,87.0
2020-06-27,41,61733,86.0
2020-06-28,24,61757,87.0
2020-06-29,127,61884,84.0
2020-06-30,100,61984,83.0
2020-07-01,135,62119,88.0
2020-07-02,93,62212,90.0
2020-07-03,94,62306,88.0
2020-07-04,64,62370,91.0
2020-07-05,24,62394,91.0
2020-07-06,112,62506,89.0
2020-07-07,99,62605,89.0
2020-07-08,137,62742,89.0
2020-07-09,124,62866,93.0
2020-07-10,127,62993,98.0
2020-07-11,62,63055,98.0
2020-07-12,43,63098,101.0
2020-07-13,224,63322,117.0
2020-07-14,207,63529,132.0
2020-07-15,260,63789,150.0
2020-07-16,226,64015,164.0
2020-07-17,274,64289,185.0
2020-07-18,130,64419,195.0
2020-07-19,64,64483,198.0
2020-07-20,443,64926,229.0
2020-07-21,145,65071,220.0
2020-07-22,553,65624,262.0
2020-07-23,439,66063,293.0
2020-07-24,496,66559,324.0
2020-07-25,229,66788,338.0
2020-07-26,184,66972,356.0
2020-07-27,595,67567,377.0
2020-07-28,685,68252,454.0
2020-07-29,703,68955,476.0
2020-07-30,635,69590,504.0
2020-07-31,684,70274,531.0
2020-08-01,309,70583,542.0
2020-08-02,148,70731,537.0
2020-08-03,794,71525,565.0
2020-08-04,813,72338,584.0
2020-08-05,767,73105,593.0
2020-08-06,769,73874,612.0
2020-08-07,771,74645,624.0
2020-08-08,304,74949,624.0
2020-08-09,122,75071,620.0
2020-08-10,873,75944,631.0
2020-08-11,718,76662,618.0
2020-08-12,609,77271,595.0
2020-08-13,669,77940,581.0
2020-08-14,587,78527,555.0
2020-08-15,163,78690,534.0
2020-08-16,132,78822,536.0
2020-08-17,707,79529,512.0
2020-08-18,725,80254,513.0
2020-08-19,612,80866,514.0
2020-08-20,581,81447,501.0
2020-08-21,510,81957,490.0
2020-08-22,203,82160,496.0
2020-08-23,115,82275,493.0
2020-08-24,607,82882,479.0
2020-08-25,527,83409,451.0
2020-08-26,526,83935,438.0
2020-08-27,535,84470,432.0
2020-08-28,614,85084,447.0
2020-08-29,195,85279,446.0
2020-08-30,117,85396,446.0
2020-08-31,634,86030,450.0
2020-09-01,565,86595,455.0
2020-09-02,574,87169,462.0
2020-09-03,677,87846,482.0
2020-09-04,728,88574,499.0
2020-09-05,322,88896,517.0
2020-09-06,155,89051,522.0
2020-09-07,918,89969,563.0
2020-09-08,871,90840,606.0
2020-09-09,1024,91864,671.0
2020-09-10,1143,93007,737.0
2020-09-11,1284,94291,817.0
2020-09-12,617,94908,859.0
2020-09-13,301,95209,880.0
2020-09-14,1724,96933,995.0
2020-09-15,1628,98561,1103.0
2020-09-16,1942,100503,1234.0
2020-09-17,1750,102253,1321.0
2020-09-18,1709,103962,1382.0
2020-09-19,894,104856,1421.0
2020-09-20,461,105317,1444.0
2020-09-21,2202,107519,1512.0
2020-09-22,2074,109593,1576.0
2020-09-23,2096,111689,1598.0
2020-09-24,1795,113484,1604.0
2020-09-25,1623,115107,1592.0
2020-09-26,944,116051,1599.0
2020-09-27,540,116591,1611.0
2020-09-28,2782,119373,1693.0
2020-09-29,2984,122357,1823.0
2020-09-30,3243,125600,1987.0
2020-10-01,3410,129010,2218.0
2020-10-02,3721,132731,2518.0
2020-10-03,1709,134440,2627.0
2020-10-04,1035,135475,2698.0
2020-10-05,5249,140724,3050.0
2020-10-06,5687,146411,3436.0
2020-10-07,6803,153214,3945.0
2020-10-08,6588,159802,4399.0
2020-10-09,7791,167593,4980.0
2020-10-10,4310,171903,5352.0
2020-10-11,2403,174306,5547.0
2020-10-12,9737,184043,6188.0
2020-10-13,12579,196622,7173.0
2020-10-14,12304,208926,7959.0
2020-10-15,11818,220744,8706.0
2020-10-16,13477,234221,9518.0
2020-10-17,7996,242217,10045.0
2020-10-18,4289,246506,10314.0
2020-10-19,15562,262068,11146.0
2020-10-20,19265,281333,12102.0
2020-10-21,17487,298820,12842.0
2020-10-22,17688,316508,13681.0
2020-10-23,18877,335385,14452.0
2020-10-24,11559,346944,14961.0
2020-10-25,4895,351839,15048.0
2020-10-26,19868,371707,15663.0
2020-10-27,22214,393921,16084.0
2020-10-28,17999,411920,16157.0
2020-10-29,15090,427010,15786.0
2020-10-30,15403,442413,15290.0
2020-10-31,6308,448721,14540.0
2020-11-01,2667,451388,14221.0
2020-11-02,13858,465246,13363.0
2020-11-03,12103,477349,11918.0
2020-11-04,9230,486579,10666.0
2020-11-05,7660,494239,9604.0
2020-11-06,6648,500887,8353.0
2020-11-07,3046,503933,7887.0
2020-11-08,1449,505382,7713.0
2020-11-09,8636,514018,6967.0
2020-11-10,7701,521719,6339.0
2020-11-11,2004,523723,5306.0
2020-11-12,6482,530205,5138.0
2020-11-13,5711,535916,5004.0
2020-11-14,2371,538287,4908.0
2020-11-15,1057,539344,4852.0
2020-11-16,5821,545165,4450.0
2020-11-17,4829,549994,4039.0
2020-11-18,3703,553697,4282.0
2020-11-19,3019,556716,3787.0
2020-11-20,3082,559798,3412.0
2020-11-21,1263,561061,3253.0
2020-11-22,589,561650,3187.0
2020-11-23,3958,565608,2920.0
2020-11-24,2877,568485,2642.0
2020-11-25,2685,571170,2496.0
2020-11-26,2428,573598,2412.0
2020-11-27,2741,576339,2363.0
2020-11-28,1006,577345,2326.0
2020-11-29,560,577905,2322.0
2020-11-30,3304,581209,2229.0
2020-12-01,2698,583907,2203.0
2020-12-02,2619,586526,2194.0
2020-12-03,2386,588912,2188.0
2020-12-04,2567,591479,2163.0
2020-12-05,1101,592580,2176.0
2020-12-06,601,593181,2182.0
2020-12-07,3371,596552,2192.0
2020-12-08,2725,599277,2196.0
2020-12-09,2769,602046,2217.0
2020-12-10,2676,604722,2259.0
2020-12-11,2920,607642,2309.0
2020-12-12,1595,609237,2380.0
2020-12-13,742,609979,2400.0
2020-12-14,3843,613822,2467.0
2020-12-15,3239,617061,2541.0
2020-12-16,2856,619917,2553.0
2020-12-17,2795,622712,2570.0
2020-12-18,2835,625547,2558.0
2020-12-19,1462,627009,2539.0
2020-12-20,655,627664,2526.0
2020-12-21,3395,631059,2462.0
2020-12-22,2707,633766,2386.0
2020-12-23,2463,636229,2330.0
2020-12-24,1783,638012,2186.0
2020-12-25,520,638532,1855.0
2020-12-26,1160,639692,1812.0
2020-12-27,558,640250,1798.0
2020-12-28,2749,642999,1706.0
2020-12-29,2420,645419,1665.0
2020-12-30,2081,647500,1610.0
2020-12-31,1721,649221,1601.0
2021-01-01,482,649703,1596.0
2021-01-02,1121,650824,1590.0
2021-01-03,821,651645,1628.0
2021-01-04,3122,654767,1681.0
2021-01-05,2823,657590,1739.0
2021-01-06,2518,660108,1801.0
2021-01-07,1982,662090,1838.0
2021-01-08,2052,664142,2063.0
2021-01-09,1394,665536,2102.0
2021-01-10,858,666394,2107.0
2021-01-11,3083,669477,2101.0
2021-01-12,2489,671966,2054.0
2021-01-13,2219,674185,2011.0
2021-01-14,2193,676378,2041.0
2021-01-15,2177,678555,2059.0
2021-01-16,1191,679746,2030.0
2021-01-17,722,680468,2011.0
2021-01-18,3049,683517,2006.0
2021-01-19,2487,686004,2005.0
2021-01-20,2546,688550,2052.0
2021-01-21,2387,690937,2080.0
2021-01-22,2636,693573,2145.0
2021-01-23,1399,694972,2175.0
2021-01-24,822,695794,2189.0
2021-01-25,3421,699215,2243.0
2021-01-26,2780,701995,2284.0
2021-01-27,2599,704594,2292.0
2021-01-28,2609,707203,2324.0
2021-01-29,3034,710237,2381.0
2021-01-30,1573,711810,2405.0
2021-01-31,863,712673,2411.0
2021-02-01,3383,716056,2406.0
2021-02-02,2683,718739,2392.0
2021-02-03,2416,721155,2366.0
2021-02-04,2414,723569,2338.0
2021-02-05,2485,726054,2260.0
2021-02-06,1271,727325,2216.0
2021-02-07,601,727926,2179.0
2021-02-08,2609,730535,2068.0
2021-02-09,2156,732691,1993.0
2021-02-10,2157,734848,1956.0
2021-02-11,2102,736950,1912.0
2021-02-12,2045,738995,1849.0
2021-02-13,1136,740131,1829.0
2021-02-14,612,740743,1831.0
2021-02-15,2793,743536,1857.0
2021-02-16,2398,745934,1892.0
2021-02-17,2556,748490,1949.0
2021-02-18,2579,751069,2017.0
2021-02-19,2845,753914,2131.0
2021-02-20,1559,755473,2192.0
2021-02-21,816,756289,2221.0
2021-02-22,3381,759670,2305.0
2021-02-23,2918,762588,2379.0
2021-02-24,2764,765352,2409.0
2021-02-25,2661,768013,2421.0
2021-02-26,2836,770849,2419.0
2021-02-27,1504,772353,2411.0
2021-02-28,718,773071,2397.0
2021-03-01,3243,776314,2378.0
2021-03-02,2774,779088,2357.0
2021-03-03,2771,781859,2358.0
2021-03-04,2708,784567,2365.0
2021-03-05,2749,787316,2352.0
2021-03-06,1524,788840,2355.0
2021-03-07,795,789635,2366.0
2021-03-08,3709,793344,2433.0
