Datum,Besmettingen,Totaal aantal besmettingen,7-daags gemiddelde,baseline
2020-03-01,19,19,,0
2020-03-02,19,38,,0
2020-03-03,34,72,,0
2020-03-04,53,125,,0
2020-03-05,81,206,,0
2020-03-06,110,316,,0
2020-03-07,27,343,49.0,0
2020-03-08,64,407,55.0,0
2020-03-09,94,501,66.0,0
2020-03-10,99,600,75.0,0
2020-03-11,174,774,93.0,0
2020-03-12,250,1024,117.0,0
2020-03-13,338,1362,149.0,0
2020-03-14,179,1541,171.0,0
2020-03-15,214,1755,193.0,0
2020-03-16,387,2142,234.0,0
2020-03-17,422,2564,281.0,0
2020-03-18,534,3098,332.0,0
2020-03-19,713,3811,398.0,0
2020-03-20,662,4473,444.0,0
2020-03-21,469,4942,486.0,0
2020-03-22,486,5428,525.0,0
2020-03-23,1328,6756,659.0,0
2020-03-24,1195,7951,770.0,0
2020-03-25,1199,9150,865.0,0
2020-03-26,1363,10513,957.0,0
2020-03-27,1518,12031,1080.0,0
2020-03-28,844,12875,1133.0,0
2020-03-29,683,13558,1161.0,0
2020-03-30,1738,15296,1220.0,0
2020-03-31,1681,16977,1289.0,0
2020-04-01,1516,18493,1335.0,0
2020-04-02,1478,19971,1351.0,0
2020-04-03,1694,21665,1376.0,0
2020-04-04,922,22587,1387.0,0
2020-04-05,665,23252,1385.0,0
2020-04-06,1934,25186,1413.0,0
2020-04-07,1515,26701,1389.0,0
2020-04-08,1598,28299,1401.0,0
2020-04-09,2239,30538,1510.0,0
2020-04-10,2336,32874,1601.0,0
2020-04-11,1029,33903,1617.0,0
2020-04-12,524,34427,1596.0,0
2020-04-13,537,34964,1397.0,0
2020-04-14,1560,36524,1403.0,0
2020-04-15,1633,38157,1408.0,0
2020-04-16,1674,39831,1328.0,0
2020-04-17,1394,41225,1193.0,0
2020-04-18,722,41947,1149.0,0
2020-04-19,443,42390,1138.0,0
2020-04-20,1276,43666,1243.0,0
2020-04-21,1270,44936,1202.0,0
2020-04-22,777,45713,1079.0,0
2020-04-23,976,46689,980.0,0
2020-04-24,811,47500,896.0,0
2020-04-25,388,47888,849.0,0
2020-04-26,205,48093,815.0,0
2020-04-27,755,48848,740.0,0
2020-04-28,569,49417,640.0,0
2020-04-29,522,49939,604.0,0
2020-04-30,586,50525,548.0,0
2020-05-01,237,50762,466.0,0
2020-05-02,286,51048,451.0,0
2020-05-03,140,51188,442.0,0
2020-05-04,670,51858,430.0,0
2020-05-05,546,52404,427.0,0
2020-05-06,552,52956,431.0,0
2020-05-07,442,53398,410.0,0
2020-05-08,483,53881,446.0,0
2020-05-09,240,54121,439.0,0
2020-05-10,118,54239,436.0,0
2020-05-11,476,54715,408.0,0
2020-05-12,395,55110,387.0,0
2020-05-13,321,55431,354.0,0
2020-05-14,305,55736,334.0,0
2020-05-15,346,56082,314.0,0
2020-05-16,147,56229,301.0,0
2020-05-17,81,56310,296.0,0
2020-05-18,317,56627,273.0,0
2020-05-19,292,56919,258.0,0
2020-05-20,385,57304,268.0,0
2020-05-21,70,57374,234.0,0
2020-05-22,248,57622,220.0,0
2020-05-23,123,57745,217.0,0
2020-05-24,75,57820,216.0,0
2020-05-25,314,58134,215.0,0
2020-05-26,202,58336,202.0,0
2020-05-27,182,58518,173.0,0
2020-05-28,171,58689,188.0,0
2020-05-29,165,58854,176.0,0
2020-05-30,61,58915,167.0,0
2020-05-31,49,58964,163.0,0
2020-06-01,59,59023,127.0,0
2020-06-02,181,59204,124.0,0
2020-06-03,159,59363,121.0,0
2020-06-04,172,59535,121.0,0
2020-06-05,154,59689,119.0,0
2020-06-06,69,59758,120.0,0
2020-06-07,53,59811,121.0,0
2020-06-08,152,59963,134.0,0
2020-06-09,145,60108,129.0,0
2020-06-10,119,60227,123.0,0
2020-06-11,95,60322,112.0,0
2020-06-12,89,60411,103.0,0
2020-06-13,49,60460,100.0,0
2020-06-14,22,60482,96.0,0
2020-06-15,147,60629,95.0,0
2020-06-16,99,60728,89.0,0
2020-06-17,123,60851,89.0,0
2020-06-18,108,60959,91.0,0
2020-06-19,121,61080,96.0,0
2020-06-20,50,61130,96.0,0
2020-06-21,20,61150,95.0,0
2020-06-22,143,61293,95.0,0
2020-06-23,110,61403,96.0,0
2020-06-24,100,61503,93.0,0
2020-06-25,76,61579,89.0,0
2020-06-26,113,61692,87.0,0
2020-06-27,41,61733,86.0,0
2020-06-28,24,61757,87.0,0
2020-06-29,127,61884,84.0,0
2020-06-30,100,61984,83.0,0
2020-07-01,135,62119,88.0,0
2020-07-02,93,62212,90.0,0
2020-07-03,94,62306,88.0,0
2020-07-04,64,62370,91.0,0
2020-07-05,24,62394,91.0,0
2020-07-06,112,62506,89.0,0
2020-07-07,99,62605,89.0,0
2020-07-08,137,62742,89.0,0
2020-07-09,124,62866,93.0,0
2020-07-10,127,62993,98.0,0
2020-07-11,62,63055,98.0,0
2020-07-12,43,63098,101.0,0
2020-07-13,224,63322,117.0,0
2020-07-14,207,63529,132.0,0
2020-07-15,260,63789,150.0,0
2020-07-16,226,64015,164.0,0
2020-07-17,274,64289,185.0,0
2020-07-18,130,64419,195.0,0
2020-07-19,64,64483,198.0,0
2020-07-20,443,64926,229.0,0
2020-07-21,145,65071,220.0,0
2020-07-22,553,65624,262.0,0
2020-07-23,439,66063,293.0,0
2020-07-24,496,66559,324.0,0
2020-07-25,229,66788,338.0,0
2020-07-26,184,66972,356.0,0
2020-07-27,595,67567,377.0,0
2020-07-28,685,68252,454.0,0
2020-07-29,703,68955,476.0,0
2020-07-30,635,69590,504.0,0
2020-07-31,684,70274,531.0,0
2020-08-01,309,70583,542.0,0
2020-08-02,148,70731,537.0,0
2020-08-03,794,71525,565.0,0
2020-08-04,813,72338,584.0,0
2020-08-05,767,73105,593.0,0
2020-08-06,769,73874,612.0,0
2020-08-07,771,74645,624.0,0
2020-08-08,304,74949,624.0,0
2020-08-09,122,75071,620.0,0
2020-08-10,873,75944,631.0,0
2020-08-11,718,76662,618.0,0
2020-08-12,609,77271,595.0,0
2020-08-13,669,77940,581.0,0
2020-08-14,587,78527,555.0,0
2020-08-15,163,78690,534.0,0
2020-08-16,132,78822,536.0,0
2020-08-17,707,79529,512.0,0
2020-08-18,725,80254,513.0,0
2020-08-19,612,80866,514.0,0
2020-08-20,581,81447,501.0,0
2020-08-21,510,81957,490.0,0
2020-08-22,203,82160,496.0,0
2020-08-23,115,82275,493.0,0
2020-08-24,607,82882,479.0,0
2020-08-25,527,83409,451.0,0
2020-08-26,526,83935,438.0,0
2020-08-27,535,84470,432.0,0
2020-08-28,614,85084,447.0,0
2020-08-29,195,85279,446.0,0
2020-08-30,117,85396,446.0,0
2020-08-31,634,86030,450.0,0
2020-09-01,565,86595,455.0,0
2020-09-02,574,87169,462.0,0
2020-09-03,677,87846,482.0,0
2020-09-04,728,88574,499.0,0
2020-09-05,322,88896,517.0,0
2020-09-06,155,89051,522.0,0
2020-09-07,918,89969,563.0,0
2020-09-08,871,90840,606.0,0
2020-09-09,1024,91864,671.0,0
2020-09-10,1143,93007,737.0,0
2020-09-11,1284,94291,817.0,0
2020-09-12,617,94908,859.0,0
2020-09-13,301,95209,880.0,0
2020-09-14,1724,96933,995.0,0
2020-09-15,1628,98561,1103.0,0
2020-09-16,1942,100503,1234.0,0
2020-09-17,1750,102253,1321.0,0
2020-09-18,1709,103962,1382.0,0
2020-09-19,894,104856,1421.0,0
2020-09-20,461,105317,1444.0,0
2020-09-21,2202,107519,1512.0,0
2020-09-22,2074,109593,1576.0,0
2020-09-23,2096,111689,1598.0,0
2020-09-24,1795,113484,1604.0,0
2020-09-25,1623,115107,1592.0,0
2020-09-26,944,116051,1599.0,0
2020-09-27,540,116591,1611.0,0
2020-09-28,2783,119374,1694.0,0
2020-09-29,2987,122361,1824.0,0
2020-09-30,3244,125605,1988.0,0
2020-10-01,3411,129016,2219.0,0
2020-10-02,3726,132742,2519.0,0
2020-10-03,1709,134451,2629.0,0
2020-10-04,1035,135486,2699.0,0
2020-10-05,5253,140739,3052.0,0
2020-10-06,5690,146429,3438.0,0
2020-10-07,6809,153238,3948.0,0
2020-10-08,6588,159826,4401.0,0
2020-10-09,7795,167621,4983.0,0
2020-10-10,4311,171932,5354.0,0
2020-10-11,2405,174337,5550.0,0
2020-10-12,9744,184081,6192.0,0
2020-10-13,12584,196665,7177.0,0
2020-10-14,12311,208976,7963.0,0
2020-10-15,11822,220798,8710.0,0
2020-10-16,13484,234282,9523.0,0
2020-10-17,7996,242278,10049.0,0
2020-10-18,4291,246569,10319.0,0
2020-10-19,15564,262133,11150.0,0
2020-10-20,19284,281417,12107.0,0
2020-10-21,17492,298909,12848.0,0
2020-10-22,17697,316606,13687.0,0
2020-10-23,18883,335489,14458.0,0
2020-10-24,11566,347055,14968.0,0
2020-10-25,4897,351952,15055.0,0
2020-10-26,19875,371827,15671.0,0
2020-10-27,22221,394048,16090.0,0
2020-10-28,18001,412049,16163.0,0
2020-10-29,15096,427145,15791.0,0
2020-10-30,15408,442553,15295.0,0
2020-10-31,6314,448867,14545.0,0
2020-11-01,2667,451534,14226.0,0
2020-11-02,13860,465394,13367.0,0
2020-11-03,12108,477502,11922.0,0
2020-11-04,9233,486735,10669.0,0
2020-11-05,7661,494396,9607.0,0
2020-11-06,6648,501044,8356.0,0
2020-11-07,3046,504090,7889.0,0
2020-11-08,1449,505539,7715.0,0
2020-11-09,8637,514176,6969.0,0
2020-11-10,7701,521877,6339.0,0
2020-11-11,2004,523881,5307.0,0
2020-11-12,6484,530365,5138.0,0
2020-11-13,5712,536077,5005.0,0
2020-11-14,2372,538449,4908.0,0
2020-11-15,1057,539506,4852.0,0
2020-11-16,5825,545331,4451.0,0
2020-11-17,4829,550160,4040.0,0
2020-11-18,3703,553863,4283.0,0
2020-11-19,3020,556883,3788.0,0
2020-11-20,3083,559966,3413.0,0
2020-11-21,1263,561229,3254.0,0
2020-11-22,589,561818,3187.0,0
2020-11-23,3958,565776,2921.0,0
2020-11-24,2879,568655,2642.0,0
2020-11-25,2687,571342,2497.0,0
2020-11-26,2430,573772,2413.0,0
2020-11-27,2741,576513,2364.0,0
2020-11-28,1006,577519,2327.0,0
2020-11-29,560,578079,2323.0,0
2020-11-30,3306,581385,2230.0,0
2020-12-01,2700,584085,2204.0,0
2020-12-02,2620,586705,2195.0,0
2020-12-03,2386,589091,2188.0,0
2020-12-04,2571,591662,2164.0,0
2020-12-05,1104,592766,2178.0,0
2020-12-06,602,593368,2184.0,0
2020-12-07,3374,596742,2194.0,0
2020-12-08,2734,599476,2199.0,0
2020-12-09,2771,602247,2220.0,0
2020-12-10,2689,604936,2264.0,0
2020-12-11,2921,607857,2314.0,0
2020-12-12,1608,609465,2386.0,0
2020-12-13,742,610207,2406.0,0
2020-12-14,3857,614064,2475.0,0
2020-12-15,3248,617312,2548.0,0
2020-12-16,2859,620171,2561.0,0
2020-12-17,2795,622966,2576.0,0
2020-12-18,2836,625802,2564.0,0
2020-12-19,1463,627265,2543.0,0
2020-12-20,656,627921,2531.0,0
2020-12-21,3406,631327,2466.0,0
2020-12-22,2711,634038,2389.0,0
2020-12-23,2465,636503,2333.0,0
2020-12-24,1783,638286,2189.0,0
2020-12-25,520,638806,1858.0,0
2020-12-26,1163,639969,1815.0,0
2020-12-27,559,640528,1801.0,0
2020-12-28,2750,643278,1707.0,0
2020-12-29,2423,645701,1666.0,0
2020-12-30,2081,647782,1611.0,0
2020-12-31,1722,649504,1603.0,0
2021-01-01,486,649990,1598.0,0
2021-01-02,1134,651124,1594.0,0
2021-01-03,839,651963,1634.0,0
2021-01-04,3150,655113,1691.0,0
2021-01-05,2854,657967,1752.0,0
2021-01-06,2541,660508,1818.0,0
2021-01-07,2005,662513,1858.0,0
2021-01-08,2079,664592,2086.0,0
2021-01-09,1411,666003,2126.0,0
2021-01-10,880,666883,2131.0,0
2021-01-11,3097,669980,2124.0,0
2021-01-12,2501,672481,2073.0,0
2021-01-13,2244,674725,2031.0,0
2021-01-14,2205,676930,2060.0,0
2021-01-15,2192,679122,2076.0,0
2021-01-16,1205,680327,2046.0,0
2021-01-17,739,681066,2026.0,0
2021-01-18,3069,684135,2022.0,0
2021-01-19,2501,686636,2022.0,0
2021-01-20,2558,689194,2067.0,0
2021-01-21,2396,691590,2094.0,0
2021-01-22,2655,694245,2160.0,0
2021-01-23,1411,695656,2190.0,0
2021-01-24,834,696490,2203.0,0
2021-01-25,3444,699934,2257.0,0
2021-01-26,2797,702731,2299.0,0
2021-01-27,2616,705347,2308.0,0
2021-01-28,2623,707970,2340.0,0
2021-01-29,3060,711030,2398.0,0
2021-01-30,1582,712612,2422.0,0
2021-01-31,875,713487,2428.0,0
2021-02-01,3400,716887,2422.0,0
2021-02-02,2698,719585,2408.0,0
2021-02-03,2438,722023,2382.0,0
2021-02-04,2441,724464,2356.0,0
2021-02-05,2500,726964,2276.0,0
2021-02-06,1288,728252,2234.0,0
2021-02-07,612,728864,2197.0,0
2021-02-08,2632,731496,2087.0,0
2021-02-09,2169,733665,2011.0,0
2021-02-10,2179,735844,1974.0,0
2021-02-11,2122,737966,1929.0,0
2021-02-12,2057,740023,1866.0,0
2021-02-13,1153,741176,1846.0,0
2021-02-14,620,741796,1847.0,0
2021-02-15,2799,744595,1871.0,0
2021-02-16,2418,747013,1907.0,0
2021-02-17,2574,749587,1963.0,0
2021-02-18,2596,752183,2031.0,0
2021-02-19,2872,755055,2147.0,0
2021-02-20,1578,756633,2208.0,0
2021-02-21,822,757455,2237.0,0
2021-02-22,3403,760858,2323.0,0
2021-02-23,2965,763823,2401.0,0
2021-02-24,2785,766608,2432.0,0
2021-02-25,2690,769298,2445.0,0
2021-02-26,2858,772156,2443.0,0
2021-02-27,1522,773678,2435.0,0
2021-02-28,729,774407,2422.0,0
2021-03-01,3267,777674,2402.0,0
2021-03-02,2796,780470,2378.0,0
2021-03-03,2792,783262,2379.0,0
2021-03-04,2731,785993,2385.0,0
2021-03-05,2770,788763,2372.0,0
2021-03-06,1536,790299,2374.0,0
2021-03-07,804,791103,2385.0,0
2021-03-08,3735,794838,2452.0,0
2021-03-09,3439,798277,2544.0,0
2021-03-10,3437,801714,2636.0,0
2021-03-11,3539,805253,2751.0,0
2021-03-12,3795,809048,2898.0,0
2021-03-13,2195,811243,2992.0,0
2021-03-14,1409,812652,3078.0,0
2021-03-15,5311,817963,3304.0,0
2021-03-16,4636,822599,3475.0,0
2021-03-17,4876,827475,3680.0,0
2021-03-18,5084,832559,3901.0,0
2021-03-19,5234,837793,4106.0,0
2021-03-20,2867,840660,4202.0,0
2021-03-21,1594,842254,4229.0,0
2021-03-22,6332,848586,4375.0,0
2021-03-23,6066,854652,4579.0,0
2021-03-24,5618,860270,4685.0,0
2021-03-25,5668,865938,4768.0,0
2021-03-26,5793,871731,4848.0,0
2021-03-27,3092,874823,4880.0,0
2021-03-28,1711,876534,4897.0,0
2021-03-29,6222,882756,4881.0,0
2021-03-30,5248,888004,4765.0,0
2021-03-31,4774,892778,4644.0,0
2021-04-01,4746,897524,4512.0,0
2021-04-02,4947,902471,4391.0,0
2021-04-03,2726,905197,4339.0,0
2021-04-04,1535,906732,4314.0,0
2021-04-05,1590,908322,3652.0,0
2021-04-06,5305,913627,3660.0,0
2021-04-07,4784,918411,3662.0,0
2021-04-08,4508,922919,3628.0,0
2021-04-09,4541,927460,3570.0,0
2021-04-10,2384,929844,3521.0,0
2021-04-11,1312,931156,3489.0,0
2021-04-12,4784,935940,3945.0,0
2021-04-13,4340,940280,3808.0,0
2021-04-14,3938,944218,3687.0,0
2021-04-15,3844,948062,3592.0,0
2021-04-16,4061,952123,3523.0,0
2021-04-17,2350,954473,3518.0,0
2021-04-18,1327,955800,3521.0,0
2021-04-19,5505,961305,3624.0,0
2021-04-20,4497,965802,3646.0,0
2021-04-21,4095,969897,3668.0,0
2021-04-22,3836,973733,3667.0,0
2021-04-23,3674,977407,3612.0,0
2021-04-24,1911,979318,3549.0,0
2021-04-25,1150,980468,3524.0,0
2021-04-26,4302,984770,3352.0,0
2021-04-27,3808,988578,3254.0,0
2021-04-28,3483,992061,3166.0,0
2021-04-29,3390,995451,3103.0,0
2021-04-30,3518,998969,3080.0,0
2021-05-01,1351,1000320,3000.0,0
2021-05-02,1156,1001476,3001.0,0
2021-05-03,4375,1005851,3012.0,0
2021-05-04,3684,1009535,2994.0,0
2021-05-05,3655,1013190,3018.0,0
2021-05-06,3538,1016728,3040.0,0
2021-05-07,3346,1020074,3015.0,0
2021-05-08,1741,1021815,3071.0,0
2021-05-09,879,1022694,3031.0,0
2021-05-10,3404,1026098,2892.0,0
2021-05-11,3032,1029130,2799.0,0
2021-05-12,2836,1031966,2682.0,0
2021-05-13,956,1032922,2313.0,0
2021-05-14,2604,1035526,2207.0,0
2021-05-15,1287,1036813,2143.0,0
2021-05-16,765,1037578,2126.0,0
2021-05-17,3634,1041212,2159.0,0
2021-05-18,3298,1044510,2197.0,0
2021-05-19,3184,1047694,2247.0,0
2021-05-20,2448,1050142,2460.0,0
2021-05-21,2475,1052617,2442.0,0
2021-05-22,1448,1054065,2465.0,0
2021-05-23,788,1054853,2468.0,0
2021-05-24,901,1055754,2077.0,0
2021-05-25,2795,1058549,2006.0,0
2021-05-26,2538,1061087,1913.0,0
2021-05-27,2216,1063303,1880.0,0
2021-05-28,2023,1065326,1816.0,0
2021-05-29,1120,1066446,1769.0,0
2021-05-30,606,1067052,1743.0,0
2021-05-31,2043,1069095,1906.0,0
2021-06-01,1693,1070788,1748.0,0
2021-06-02,1502,1072290,1600.0,0
2021-06-03,1473,1073763,1494.0,0
2021-06-04,1354,1075117,1399.0,0
2021-06-05,650,1075767,1332.0,0
2021-06-06,398,1076165,1302.0,0
2021-06-07,1236,1077401,1187.0,0
2021-06-08,1041,1078442,1093.0,0
2021-06-09,842,1079284,999.0,0
2021-06-10,765,1080049,898.0,0
2021-06-11,782,1080831,816.0,0
2021-06-12,391,1081222,779.0,0
2021-06-13,209,1081431,752.0,0
2021-06-14,769,1082200,686.0,0
2021-06-15,540,1082740,614.0,0
2021-06-16,422,1083162,554.0,0
2021-06-17,450,1083612,509.0,0
2021-06-18,426,1084038,458.0,0
2021-06-19,275,1084313,442.0,0
2021-06-20,135,1084448,431.0,0
2021-06-21,487,1084935,391.0,0
2021-06-22,373,1085308,367.0,0
2021-06-23,397,1085705,363.0,0
2021-06-24,343,1086048,348.0,0
2021-06-25,397,1086445,344.0,0
2021-06-26,259,1086704,342.0,0
2021-06-27,187,1086891,349.0,0
2021-06-28,604,1087495,366.0,0
2021-06-29,565,1088060,393.0,0
2021-06-30,626,1088686,426.0,0
2021-07-01,672,1089358,473.0,0
2021-07-02,722,1090080,519.0,0
2021-07-03,515,1090595,556.0,0
2021-07-04,365,1090960,581.0,0
2021-07-05,986,1091946,636.0,0
2021-07-06,1041,1092987,704.0,0
2021-07-07,1170,1094157,782.0,0
2021-07-08,1226,1095383,861.0,0
2021-07-09,1286,1096669,941.0,0
2021-07-10,1004,1097673,1011.0,0
2021-07-11,778,1098451,1070.0,0
2021-07-12,1755,1100206,1180.0,0
2021-07-13,1427,1101633,1235.0,0
2021-07-14,1444,1103077,1274.0,0
2021-07-15,1381,1104458,1296.0,0
2021-07-16,1563,1106021,1336.0,0
2021-07-17,1100,1107121,1350.0,0
2021-07-18,836,1107957,1358.0,0
2021-07-19,2122,1110079,1410.0,0
2021-07-20,1943,1112022,1484.0,0
2021-07-21,787,1112809,1390.0,0
2021-07-22,1902,1114711,1465.0,0
2021-07-23,1644,1116355,1476.0,0
2021-07-24,1147,1117502,1483.0,0
2021-07-25,772,1118274,1474.0,0
2021-07-26,2091,1120365,1469.0,0
2021-07-27,1585,1121950,1418.0,0
2021-07-28,1735,1123685,1554.0,0
